23 32 43
33 42 45
11 54 90
32 43 02
32 20 34
43 30 32
11 34 87
23 32 43
33 42 45
11 54 90
32 43 02
32 20 34
43 30 32
11 34 87
23 32 43
33 42 45
11 54 90
32 43 02
32 20 34
43 30 32
11 34 87
23 32 43
33 42 45
11 54 90
32 43 02
32 20 34
43 30 32
11 34 87
23 32 43
33 42 45
11 54 90
32 43 02
32 20 34
43 30 32
11 34 87
23 32 43
33 42 45
11 54 90
32 43 02
32 20 34
43 30 32
11 34 87
23 32 43
33 42 45
11 54 90
32 43 02
32 20 34
43 30 32
11 34 87
23 32 43
33 42 45
11 54 90
32 43 02
32 20 34
43 30 32
11 34 87
23 32 43
33 42 45
11 54 90
32 43 02
32 20 34
43 30 32
11 34 87
23 32 43
33 42 45
11 54 90
32 43 02
32 20 34
43 30 32
11 34 87
23 32 43
33 42 45
11 54 90
32 43 02
32 20 34
43 30 32
11 34 87
23 32 43
33 42 45
11 54 90
32 43 02
32 20 34
43 30 32
11 34 87
23 32 43
33 42 45
11 54 90
32 43 02
32 20 34
43 30 32
11 34 87
23 32 43
33 42 45
11 54 90
32 43 02
32 20 34
43 30 32
11 34 87
23 32 43
33 42 45
11 54 90
32 43 02
32 20 34
43 30 32
11 34 87
23 32 43
33 42 45
11 54 90
32 43 02
32 20 34
43 30 32
11 34 87
23 32 43
33 42 45
11 54 90
32 43 02
32 20 34
43 30 32
11 34 87
23 32 43
33 42 45
11 54 90
32 43 02
32 20 34
43 30 32
11 34 87
23 32 43
33 42 45
11 54 90
32 43 02
32 20 34
43 30 32
11 34 87
23 32 43
33 42 45
11 54 90
32 43 02
32 20 34
43 30 32
11 34 87
23 32 43
33 42 45
11 54 90
32 43 02
32 20 34
43 30 32
11 34 87
23 32 43
33 42 45
11 54 90
32 43 02
32 20 34
43 30 32
11 34 87
23 32 43
33 42 45
11 54 90
32 43 02
32 20 34
43 30 32
11 34 87
23 32 43
33 42 45
11 54 90
32 43 02
32 20 34
43 30 32
11 34 87
23 32 43
33 42 45
11 54 90
32 43 02
32 20 34
43 30 32
11 34 87
23 32 43
33 42 45
11 54 90
32 43 02
32 20 34
43 30 32
11 34 87
23 32 43
33 42 45
11 54 90
32 43 02
32 20 34
43 30 32
11 34 87
23 32 43
33 42 45
11 54 90
32 43 02
32 20 34
43 30 32
11 34 87
23 32 43
33 42 45
11 54 90
32 43 02
32 20 34
43 30 32
11 34 87
23 32 43
33 42 45
11 54 90
32 43 02
32 20 34
43 30 32
11 34 87
23 32 43
33 42 45
11 54 90
32 43 02
32 20 34
43 30 32
11 34 87
23 32 43
33 42 45
11 54 90
32 43 02
32 20 34
43 30 32
11 34 87
33 42 45
11 54 90
32 43 02
32 20 34
43 30 32
11 34 87
23 32 43
33 42 45
11 54 90
32 43 02
32 20 34
43 30 32
11 34 87
23 32 43
33 42 45
11 54 90
32 43 02
32 20 34
43 30 32
11 34 87
23 32 43
33 42 45
11 54 90
32 43 02
32 20 34
43 30 32
11 34 87
23 32 43
33 42 45
11 54 90
32 43 02
32 20 34
43 30 32
11 34 87
23 32 43
33 42 45
11 54 90
32 43 02
32 20 34
43 30 32
11 34 87
23 32 43
33 42 45
11 54 90
32 43 02
32 20 34
43 30 32
11 34 87
23 32 43
33 42 45
11 54 90
32 43 02
32 20 34
43 30 32
11 34 87